511
475
675
540
85
566
373
433
170
37
551
157
391
212
256
352
241
134
476
553
238
658
329
434
218
437
249
655
240
586
81
694
39
479
264
223
177
667
355
608
287
541
585
644
291
408
534
326
236
236
429
173
387
82
59
382
559
8
676
378
182
400
444
351
59
55
383
666
396
390
438
318
666
293
694
592
392
493
199
267
102
548
618
571
166
26
484
515
448
515
195
424
631
16
604
325
131
628
651
473
424
72
422
344
381
171
13
53
499
325
119
416
341
126
690
96
696
615
321
310
247
232
339
238
520
433
84
410
527
128
644
665
385
481
276
492
245
354
610
696
627
260
357
245
526
454
181
672
552
665
305
97
249
637
282
427
492
128
573
376
38
193
106
45
557
145
400
631
318
354
248
281
548
267
106
226
240
548
139
290
314
699
245
25
197
57
505
580
132
277
651
533
457
670
497
541
662
483
581
549
504
339
69
106
155
566
573
191
681
17
188
46
422
174
676
74
173
500
557
324
158
371
389
463
520
687
377
374
155
528
428
510
294
245
140
554
262
121
38
203
595
440
544
260
237
578
583
107
383
527
676
263
232
279
439
103
238
180
162
451
440
603
500
393
197
520
461
586
556
491
143
156
243
396
415
277
146
274
302
402
368
264
660
250
265
152
494
249
233
130
76
117
302
97
354
232
181
533
584
200
282
629
417
476
33
231
317
161
189
579
216
50
248
349
87
580
446
268
85
685
99
699
627
555
496
542
509
518
230
379
665
687
410
350
307
9
176
464
258
411
363
628
677
434
439
197
691
553
174
476
401
419
697
397
23
682
314
473
510
618
683
230
252
388
442
628
598
177
682
108
499
531
207
71
246
436
520
32
682
658
397
627
346
319
55
79
109
85
661
71
512
69
218
618
209
66
589
45
661
541
205
409
126
121
469
318
359
266
652
82
382
263
567
351
675
460
132
577
107
324
287
76
120
16
241
15
396
670
416
433
170
302
502
129
248
558
37
109
555
17
467
459
293
634
1
125
249
240
293
271
166
408
518
503
445
69
449
349
365
215
305
241
325
354
216
111
525
614
272
137
651
53
449
551
437
549
249
144
387
565
55
682
166
548
550
25
616
33
157
109
469
401
115
93
215
66
293
55
45
700
589
278
470
10
182
11
681
420
130
565
186
653
227
620
688
520
17
538
401
548
15
341
230
209
622
556
275
141
63
689
489
16
256
252
101
36
545
410
624
474
617
16
273
526
40
283
126
125
25
129
503
626
545
39
537
566
223
416
170
25
455
213
455
11
666
470
83
699
71
368
88
59
636
585
141
221
260
534
481
95
393
455
302
587
612
218
694
561
581
602
296
357
585
643
25
500
57
165
509
23
512
81
644
68
582
3
661
462
45
352
590
232
22
296
511
306
356
30
237
161
516
385
656
516
312
276
409
699
288
176
662
56
604
693
112
520
27
531
270
469
125
248
279
39
263
595
654
641
488
79
359
138
540
99
535
520
290
278
16
557
204
496
159
97
46
528
395
20
664
320
351
6
692
667
613
433
420
553
186
651
614
206
262
649
106
61
560
103
609
659
643
573
487
221
383
372
231
75
127
19
324
139
637
145
664
318
665
476
305
118
648
343
268
486
67
153
25
698
419
455
106
230
368
188
667
78
87
119
335
665
163
513
395
276
127
690
375
170
173
240
523
681
407
130
475
198
535
171
309
627
6
638
353
432
201
73
279
60
115
503
262
673
583
487
265
386
74
397
238
270
43
623
344
63
631
53
78
500
600
398
139
360
654
621
625
643
256
101
580
363
98
661
596
545
227
44
691
446
406
61
305
266
206
528
435
612
110
6
475
679
132
174
250
520
42
32
483
36
99
547
220
291
532
419
456
649
607
381
428
84
406
460
448
50
341
252
609
331
141
42
96
248
41
356
238
516
599
627
388
684
609
583
58
283
114
86
215
11
303
697
268
263
166
448
198
694
6
121
284
137
531
425
522
641
221
247
351
88
448
346
245
618
209
250
642
631
372
578
169
276
219
617
372
608
667
414
57
610
63
435
623
473
598
663
1
279
130
172
178
219
494
548
657
506
385
171
541
489
49
159
266
497
235
219
190
571
489
442
55
251
390
480
214
24
450
640
361
99
314
322
634
502
48
483
78
672
596
550
110
351
621
12
81
97
267
346
121
683
403
541
337
691
10
31
54
38
308
663
449
556
267
681
351
217
468
250
466
16
381
500
697
542
346
95
672
312
423
23
330
529
398
453
454
348
75
657
597
615
359
386
498
462
583
86
358
551
42
156
75
11
118
209
215
129
657
106
161
166
363
288
339
121
77
254
467
521
208
220
26
46
344
627
444
193
289
408
509
341
431
78
521
275
74
243
338
669
372
543
549
511
220
105
371
2
685
46
273
90
159
172
490
152
339
420
587
645
533
412
259
407
135
205
178
266
249
44
548
154
291
72
615
15
296
565
294
525
581
492
614
320
659
400
543
608
415
211
590
567
694
665
485
252
565
79
580
91
311
188
389
279
686
327
593
555
196
548
544
282
470
384
250
273
280
376
324
700
40
229
30
562
294
288
413
257
449
185
176
438
496
2
499
113
303
350
85
446
384
603
90
220
527
653
291
87
382
445
173
77
67
470
692
633
692
432
429
402
436
643
630
687
80
506
88
343
249
534
148
607
161
81
519
556
645
693
479
241
369
314
42
370
596
138
245
626
472
177
296
650
686
317
678
334
255
545
479
563
550
655
169
548
625
58
624
478
275
634
667
71
1
639
700
137
542
657
280
656
114
680
515
602
414
307
379
184
313
646
81
495
570
181
370
221
101
303
607
505
326
473
607
593
230
565
410
139
22
343
627
272
561
124
132
289
257
244
318
428
2
530
145
499
326
108
593
124
270
536
686
66
458
282
663
631
564
455
281
675
543
684
432
312
427
273
398
120
406
678
667
77
546
84
487
25
349
99
367
10
378
363
272
192
406
341
82
421
279
370
675
410
406
48
249
362
575
84
513
655
562
207
678
529
209
44
611
690
52
348
156
492
487
434
590
548
178
654
421
196
391
505
178
112
418
338
170
180
521
217
90
162
100
201
443
99
91
391
229
657
87
109
440
205
35
317
571
394
687
109
196
307
40
605
653
116
680
624
353
136
481
358
384
192
57
30
97
120
84
548
42
136
101
656
678
169
180
459
351
362
57
654
135
681
178
301
585
483
107
272
124
473
103
633
503
598
580
619
77
26
616
8
421
380
459
275
395
508
476
172
178
651
15
617
53
664
362
677
569
541
688
15
164
615
351
598
84
283
258
368
523
143
95
638
691
421
576
19
419
562
613
521
133
494
566
101
336
684
166
586
585
53
142
350
589
319
158
344
441
273
442
454
183
62
394
586
571
434
700
465
370
216
202
281
554
186
29
124
30
315
39
179
261
204
90
327
371
7
486
315
200
369
673
374
216
670
87
157
209
544
97
699
108
416
58
577
120
584
432
312
156
671
477
260
350
270
128
347
361
249
212
160
173
446
531
47
652
74
119
287
337
70
408
434
104
256
51
4
404
328
317
418
129
170
301
58
503
102
135
658
652
628
24
158
246
10
591
208
645
615
539
390
163
253
556
661
179
91
140
618
672
422
469
31
587
450
101
585
480
97
211
535
232
404
422
438
49
698
677
173
583
542
465
652
472
421
190
650
49
33
420
580
307
697
451
241
600
114
167
147
273
279
657
660
137
1
647
303
233
409
234
237
84
368
698
1
379
494
589
512
126
526
617
125
173
621
441
133
565
542
257
199
379
459
37
664
43
111
317
157
443
472
222
338
566
227
183
624
545
127
650
202
21
487
434
6
359
360
267
159
638
270
248
654
161
182
74
146
57
503
25
497
125
467
376
126
591
189
466
201
528
329
196
78
619
142
451
82
468
608
14
395
610
363
561
682
655
232
597
496
152
307
12
394
653
565
277
479
277
297
641
293
106
131
13
10
628
69
228
697
224
94
213
572
114
59
682
619
414
212
97
528
232
417
532
233
183
571
8
455
156
275
2
7
238
146
193
640
380
391
605
8
431
405
513
12
479
220
5
251
689
215
550
83
669
88
66
617
565
605
458
195
530
216
383
43
693
238
181
294
691
72
654
486
654
662
670
214
550
485
165
333
156
205
506
698
98
124
515
662
245
522
46
179
273
622
194
234
366
514
609
345
324
268
591
692
236
93
135
45
534
486
501
458
591
417
466
475
593
513
129
101
574
648
433
155
350
243
105
367
313
575
240
25
508
679
132
301
209
193
608
618
586
223
655
268
19
600
349
583
108
232
494
341
1
660
318
183
661
258
31
291
226
621
150
682
263
297
497
657
234
183
582
118
177
505
145
391
463
25
101
257
527
171
480
635
124
41
534
310
558
351
639
653
178
479
124
408
697
223
30
45
413
203
397
259
164
178
433
621
35
362
278
267
700
20
661
630
689
109
88
510
152
194
643
334
496
586
34
146
421
164
407
616
213
300
504
330
479
92
522
313
420
580
521
452
137
518
388
463
268
192
277
281
516
303
246
357
212
490
223
510
177
108
252
451
543
431
384
247
129
650
128
12
641
202
569
64
219
517
488
357
455
171
628
189
198
574
564
538
306
494
484
699
311
427
101
561
245
272
408
682
100
132
498
536
474
178
459
522
538
665
123
76
208
162
238
448
430
536
676
422
107
399
652
272
103
549
678
587
698
194
521
127
490
366
654
613
247
393
3
651
598
158
108
288
418
461
159
48
79
660
332
440
586
317
72
14
171
79
256
92
18
286
466
473
40
228
563
86
393
98
612
696
187
241
154
467
697
603
314
495
571
518
495
481
264
227
535
110
353
463
633
28
285
52
576
458
89
271
161
319
67
263
46
639
416
40
359
674
650
665
512
606
32
494
233
19
623
26
146
454
379
71
362
28
216
567
606
697
331
289
532
393
693
301
66
549
86
5
134
655
108
279
212
545
211
616
214
45
517
598
612
347
151
526
459
247
106
72
533
541
92
228
596
147
208
375
252
522
509
111
323
341
631
100
474
464
183
264
382
669
477
446
654
141
101
368
553
529
620
54
400
195
421
507
65
233
138
623
71
306
56
434
358
157
644
81
191
422
366
659
589
379
244
535
436
592
623
305
246
651
456
539
180
468
686
298
283
40
281
306
80
565
637
634
455
66
689
254
35
569
166
99
275
659
24
489
632
60
435
385
204
412
160
296
573
354
387
613
254
655
553
243
354
139
366
160
190
697
197
662
629
256
552
294
680
318
479
15
657
4
242
89
685
505
699
628
530
170
535
409
202
379
112
47
214
635
632
314
43
593
433
610
618
246
412
295
564
176
289
578
69
506
396
563
626
1
698
157
163
632
387
332
411
235
288
266
291
355
267
382
389
198
523
345
581
329
509
426
119
320
692
90
148
341
225
225
228
97
188
196
133
604
255
248
597
24
329
111
110
565
338
87
267
569
81
476
183
567
197
548
125
662
218
358
560
164
560
294
494
428
153
637
364
105
7
508
524
385
117
555
474
15
463
37
458
113
482
19
527
697
78
487
503
302
126
159
618
544
230
498
163
666
9
539
231
317
206
380
637
546
498
302
484
63
684
468
331
58
347
274
690
515
17
197
559
678
437
152
96
182
591
665
65
200
9
659
602
199
342
344
434
228
427
140
243
238
321
73
550
249
242
28
556
417
450
465
582
427
493
574
94
660
643
336
598
17
239
688
535
58
333
692
484
90
132
352
540
640
44
614
143
138
462
394
232
283
44
30
380
223
644
637
647
463
66
458
432
178
410
507
263
244
496
193
203
432
38
574
427
65
604
397
542
271
531
87
382
493
468
383
322
353
454
689
232
119
203
150
258
466
155
408
9
271
374
98
640
387
460
260
383
1
140
553
479
91
478
160
267
555
294
565
450
170
97
633
524
228
611
362
123
613
648
338
538
228
17
330
621
567
18
276
612
420
109
90
259
143
374
697
411
321
362
365
577
1
27
622
212
209
98
37
697
420
368
615
429
423
695
411
343
694
604
366
267
650
527
564
80
277
559
113
329
642
44
120
340
58
531
47
91
680
204
667
115
662
87
496
623
448
157
565
299
603
627
303
688
350
33
59
283
213
373
302
429
620
159
192
77
682
293
449
622
644
332
129
29
456
10
240
271
291
563
562
279
471
470
155
290
154
368
383
452
197
525
649
432
69
80
419
582
556
266
392
388
684
99
685
571
341
616
405
195
468
572
487
205
600
310
322
14
672
633
133
348
636
314
401
594
198
147
232
565
185
89
40
686
305
485
373
501
177
437
592
171
247
302
209
507
302
9
655
507
318
401
668
429
551
652
576
514
556
188
543
664
24
462
256
636
268
242
316
574
661
5
148
428
95
231
559
475
431
413
503
530
682
511
604
69
624
24
594
201
605
370
221
21
130
74
508
369
135
358
262
348
564
53
530
177
518
348
421
47
206
629
274
210
533
126
417
650
163
349
121
58
618
227
656
654
458
184
338
129
667
672
159
394
519
132
442
463
122
672
427
577
240
454
667
436
627
57
523
118
199
247
483
86
379
9
178
470
184
356
692
325
512
409
87
660
301
130
599
22
365
677
217
184
363
430
259
467
424
209
310
599
368
34
81
256
519
5
630
520
629
142
307
509
54
661
447
590
498
412
242
329
181
693
299
247
547
659
313
600
384
350
387
327
210
539
570
589
268
54
512
422
688
131
626
36
109
624
441
440
267
500
439
69
3
393
426
472
18
193
275
614
611
91
209
152
66
685
35
272
265
558
500
431
341
486
654
639
565
593
623
551
139
497
537
645
351
533
528
430
379
566
579
50
117
38
203
388
276
460
436
470
357
303
394
418
293
191
439
85
593
325
140
109
67
368
193
506
9
612
303
265
75
484
681
627
497
465
371
402
35
37
128
271
306
262
18
393
8
358
116
46
239
384
664
383
662
239
479
267
37
684
14
88
100
178
294
602
125
105
397
681
63
438
232
338
214
523
161
599
520
480
254
156
169
70
211
537
312
561
586
452
215
291
553
453
70
176
286
399
603
557
375
319
153
210
363
647
674
541
222
236
383
176
373
576
33
527
278
167
666
58
459
115
563
554
157
115
16
495
425
693
424
123
406
251
8
206
667
359
691
565
649
660
613
122
164
49
1
382
647
418
628
370
357
393
344
37
480
18
202
630
590
268
217
537
651
60
140
32
150
598
611
444
622
327
1
351
136
560
582
432
544
372
576
678
662
649
564
151
140
278
229
245
202
569
124
356
309
204
426
167
376
207
39
151
525
544
527
470
57
96
416
373
148
30
92
93
220
265
81
601
444
283
28
481
628
680
318
120
596
598
58
395
226
15
511
537
90
413
396
691
18
595
587
161
299
388
212
72
503
357
213
467
108
193
419
233
573
400
275
129
252
518
450
120
640
133
442
213
602
597
367
94
60
1
375
208
9
635
587
625
520
290
422
73
64
200
507
145
533
294
699
46
65
556
568
399
186
533
594
150
427
480
513
112
102
527
256
393
438
273
569
330
575
275
33
491
176
304
175
357
627
641
433
156
296
12
624
555
519
653
162
257
179
415
377
408
598
489
630
437
199
220
555
234
164
57
682
540
20
681
184
242
500
558
559
367
23
270
17
684
172
202
373
490
77
364
547
406
234
470
8
64
439
242
404
274
610
636
545
617
429
679
1
479
112
372
280
139
16
626
151
535
457
595
81
276
305
412
176
487
658
58
284
645
157
153
221
441
254
191
414
214
30
50
659
120
682
456
603
144
158
436
519
199
273
449
288
72
664
531
535
370
311
358
40
126
331
203
97
239
131
167
273
683
402
514
569
557
228
237
149
469
33
472
176
132
233
55
431
591
624
477
413
363
573
514
669
169
152
670
480
4
291
227
446
568
51
308
379
403
415
548
211
463
245
6
551
3
408
399
2
506
327
162
73
558
564
129
320
407
193
272
107
481
207
423
92
104
617
506
394
253
286
4
235
142
382
286
11
186
87
469
417
88
368
95
128
428
515
539
127
500
208
299
645
424
490
24
217
176
166
497
157
192
559
138
66
258
457
56
80
171
378
630
24
48
394
622
572
536
307
22
563
343
3
78
410
532
282
694
675
184
127
421
428
86
10
638
644
398
112
604
675
402
116
645
463
529
88
24
184
542
247
663
268
238
136
312
699
218
4
124
295
531
93
155
20
233
429
355
289
647
337
662
323
665
191
491
566
8
347
601
309
55
241
73
2
115
153
203
188
420
339
275
614
223
631
513
657
564
382
321
69
61
295
439
408
338
256
564
209
325
412
6
345
62
194
349
72
371
33
390
336
585
564
70
94
570
393
452
606
48
121
177
3
132
586
189
399
164
430
535
43
487
396
217
408
31
401
434
448
601
533
17
227
405
671
146
332
509
347
201
351
11
260
259
121
292
443
129
144
292
151
133
590
108
597
364
105
338
628
330
281
399
387
439
69
309
580
151
248
400
113
510
448
627
321
50
538
564
468
640
118
452
652
89
312
558
633
641
604
392
464
453
174
699
13
590
343
328
254
363
345
602
300
109
554
224
256
439
181
609
531
400
525
142
124
355
602
542
675
182
614
108
348
44
61
494
457
233
353
406
649
345
469
105
410
472
133
388
346
389
259
11
218
174
450
338
192
285
437
220
491
605
618
338
25
318
612
244
357
444
554
423
455
167
687
335
561
489
215
477
227
33
653
618
259
175
668
674
212
276
555
267
174
80
292
563
603
476
76
592
348
511
482
288
690
529
450
353
384
146
267
686
535
6
165
205
417
29
303
660
231
94
509
356
614
217
589
161
685
154
97
52
278
610
669
80
78
44
548
238
275
565
482
552
573
53
292
609
393
518
4
95
266
659
123
423
281
374
488
174
649
423
387
682
619
381
161
51
77
412
531
668
562
453
106
50
362
49
38
334
485
668
606
632
569
287
636
476
82
342
610
578
500
643
6
627
28
88
603
190
93
120
277
369
370
593
119
323
110
175
331
412
87
273
10
181
159
64
158
235
297
124
66
391
529
163
186
671
632
355
97
3
143
269
336
22
457
283
52
470
504
6
403
155
625
167
211
424
517
237
92
83
518
586
353
575
342
559
67
25
278
682
678
489
606
590
397
447
249
674
577
552
185
559
85
254
373
172
281
317
663
308
577
454
177
515
230
81
575
394
216
354
180
677
691
533
135
379
64
24
389
582
254
159
580
413
615
218
186
547
357
82
560
409
119
389
286
7
625
566
70
49
67
278
125
37
63
313
221
278
29
460
337
390
180
602
282
117
455
659
592
11
582
517
473
697
600
419
258
477
587
697
5
527
394
1
474
572
454
160
154
408
208
684
305
428
331
466
439
487
39
313
348
82
349
633
218
96
509
375
624
679
611
66
280
341
203
435
365
199
565
30
32
312
32
636
549
43
186
65
663
238
5
527
64
675
101
50
26
281
551
272
164
56
610
609
145
254
204
243
580
662
223
379
535
559
455
640
586
191
693
653
229
602
18
407
246
506
87
581
270
612
692
67
62
112
415
375
290
15
154
318
357
34
273
412
97
292
103
419
602
120
229
394
538
389
90
243
593
138
518
173
486
102
529
96
370
95
462
595
307
207
289
544
394
685
498
384
299
180
242
390
87
638
297
298
357
308
473
656
376
1
626
138
605
375
522
179
576
5
20
265
658
475
57
37
130
544
439
400
376
642
46
557
660
353
353
147
635
517
255
649
362
622
588
85
636
626
338
503
337
382
192
681
392
463
66
265
149
128
495
490
414
152
532
588
217
109
90
292
636
424
488
444
316
269
183
593
418
668
47
349
199
442
663
104
456
46
356
563
272
283
290
292
422
314
141
419
378
302
155
261
507
80
148
423
167
562
535
290
356
20
32
301
332
661
28
169
428
120
303
400
109
34
97
585
676
349
583
361
408
64
685
203
317
278
551
355
436
53
369
520
186
187
284
227
583
55
459
360
357
522
50
272
306
386
35
686
83
557
239
643
269
555
371
317
562
213
136
571
678
346
60
120
272
544
461
503
4
100
649
610
359
24
503
522
610
557
232
562
96
221
464
425
167
415
586
419
662
94
357
681
644
29
417
220
237
640
501
680
144
60
205
294
585
493
672
500
365
453
405
597
578
137
360
231
121
224
697
474
56
584
44
635
156
206
463
623
66
122
489
515
677
236
212
336
604
133
11
444
127
340
458
267
250
222
38
329
623
158
236
680
452
284
670
30
442
609
295
654
698
667
409
540
89
542
237
4
427
657
14
303
128
676
685
521
532
100
658
486
133
474
660
279
632
546
148
158
140
522
568
519
399
602
237
187
439
103
632
375
372
9
462
337
688
144
261
441
692
218
455
239
199
634
416
535
682
472
656
303
324
453
58
161
298
512
689
507
42
211
98
84
556
632
319
689
84
475
675
482
565
557
594
264
174
447
652
166
554
109
383
320
132
550
18
656
142
197
409
458
681
415
302
151
546
155
25
617
419
599
557
97
332
292
316
517
345
422
521
562
50
415
421
79
666
498
31
169
285
616
449
458
313
317
225
241
668
693
444
307
89
611
195
308
344
468
539
541
79
661
687
90
424
322
625
678
9
507
238
591
288
173
653
31
139
562
542
128
523
83
372
588
274
523
231
694
174
320
536
229
218
289
81
199
668
287
9
369
253
442
446
682
198
213
320
471
212
675
441
31
234
544
320
147
246
494
180
371
422
109
503
649
386
163
651
556
72
518
312
170
694
100
255
318
196
172
28
364
474
222
431
631
79
341
690
258
465
134
203
372
363
554
32
241
305
205
61
681
290
190
377
123
289
451
86
68
526
509
147
224
671
61
167
358
359
102
344
11
700
74
254
328
246
76
15
609
116
397
388
570
610
164
650
541
280
352
418
583
271
561
586
404
386
634
598
515
513
685
288
551
121
542
441
667
159
235
116
404
372
161
416
52
430
207
269
408
445
272
660
575
288
643
57
335
235
659
95
22
407
133
408
334
34
174
602
329
622
86
646
239
120
187
275
53
551
692
663
516
135
417
607
89
49
688
309
196
55
470
75
111
414
388
77
603
574
646
360
271
450
137
651
134
207
365
248
628
72
686
252
144
454
404
619
40
226
87
328
134
36
37
161
307
541
654
215
280
345
346
316
52
211
245
545
473
444
133
584
62
579
274
577
694
94
54
281
420
250
65
167
106
48
506
9
677
621
196
598
547
164
198
600
608
395
350
174
215
212
134
605
429
429
123
128
152
584
598
96
125
61
197
125
236
226
511
352
541
318
458
154
193
361
442
44
320
300
327
448
685
552
563
431
676
446
18
245
510
294
687
149
376
425
380
180
308
482
55
141
16
99
103
383
373
434
70
63
582
134
520
676
651
445
410
161
171
153
114
86
22
538
695
459
268
248
477
251
477
128
649
612
417
53
484
261
161
42
94
413
261
91
18
326
237
309
558
107
51
319
676
246
502
395
200
403
389
294
669
409
264
644
7
246
436
244
680
508
663
68
246
103
526
189
693
102
599
502
390
269
618
383
119
296
328
281
456
223
28
277
451
252
317
286
116
359
282
647
412
283
444
75
302
648
467
236
128
180
384
635
572
164
571
250
212
594
682
120
218
362
619
575
348
586
600
543
256
433
65
131
679
172
156
616
470
244
463
498
476
404
493
40
607
392
63
676
239
190
176
444
25
377
657
288
264
296
408
594
139
223
311
68
618
273
267
648
39
324
258
101
448
170
478
610
139
264
580
353
235
662
592
230
275
530
335
373
366
422
411
151
653
410
32
233
544
535
360
196
203
351
448
445
317
357
111
675
480
368
185
384
405
164
44
184
223
369
191
554
374
9
215
466
241
336
602
99
242
58
420
170
223
162
126
83
334
115
563
457
170
37
366
586
292
165
653
672
581
65
404
11
498
79
305
115
697
616
147
54
575
618
399
244
500
556
647
75
536
406
560
375
229
662
563
106
220
697
351
69
652
6
482
667
227
568
356
546
280
599
510
313
560
579
521
569
192
602
80
697
511
616
664
612
277
659
209
217
178
556
438
323
158
305
345
683
179
90
186
652
694
352
260
369
224
513
297
454
544
370
347
192
578
699
71
91
602
573
323
439
238
630
229
43
406
177
662
347
274
216
305
159
599
44
160
330
632
424
653
641
349
23
398
613
257
468
627
645
300
191
294
579
307
335
149
631
628
522
232
298
291
666
422
113
391
446
274
483
536
160
103
691
245
31
668
548
217
195
574
327
359
446
300
611
474
102
10
257
296
413
111
257
263
383
653
185
94
526
10
165
355
192
192
117
18
642
114
16
294
264
158
650
107
521
231
252
134
17
408
319
682
374
584
427
445
380
313
407
577
697
421
299
413
382
235
310
402
232
95
170
47
591
153
392
672
353
530
349
452
610
526
299
346
387
338
333
150
178
336
284
494
262
401
679
475
508
318
242
51
262
187
581
652
188
135
279
42
529
298
300
215
231
122
508
184
75
85
119
601
603
616
102
242
430
352
395
233
188
351
445
327
507
118
222
202
298
90
246
189
337
182
693
656
566
74
406
336
563
322
221
503
524
622
599
693
92
286
531
274
404
479
215
176
196
661
49
169
679
656
182
650
610
486
626
499
644
395
346
474
525
699
614
136
125
197
105
691
609
342
268
135
133
558
449
128
376
634
362
12
393
662
469
211
271
566
189
339
481
28
614
627
453
174
139
691
334
67
214
169
499
348
510
455
215
219
645
221
136
568
224
396
610
296
344
609
269
659
539
508
145
103
652
297
305
227
479
172
395
190
557
345
205
296
349
423
642
355
661
110
355
216
516
664
468
10
348
377
570
156
275
295
400
150
587
373
347
456
87
608
176
223
671
632
648
14
624
142
530
163
312
583
153
700
433
513
276
619
608
617
253
77
174
115
442
454
175
319
591
235
219
535
680
510
74
567
610
487
656
117
151
628
74
483
627
287
176
578
606
292
360
510
28
14
399
110
563
167
60
71
504
7
31
192
257
215
508
116
623
594
488
211
16
629
699
632
92
697
189
464
199
161
240
605
679
92
192
289
18
580
406
294
310
337
622
147
333
493
19
545
258
36
385
685
107
349
123
693
485
115
287
342
416
490
332
340
498
138
535
2
465
391
634
62
698
543
88
277
426
633
45
60
539
475
451
454
351
535
583
206
397
648
179
145
628
19
321
105
350
432
476
501
62
106
422
152
435
351
687
666
666
483
629
335
263
421
301
471
271
164
26
451
516
668
177
413
322
47
357
322
63
307
413
189
483
698
540
441
582
213
341
29
86
383
355
20
121
530
108
431
256
680
183
36
635
139
560
608
90
7
290
325
592
574
700
647
690
290
619
683
218
107
615
351
198
596
552
77
185
240
144
147
106
366
400
476
477
474
69
525
671
575
279
68
497
213
229
462
672
460
315
36
564
459
244
583
162
196
174
328
20
333
449
515
114
136
89
117
39
484
108
342
351
523
560
53
654
116
649
327
253
10
368
562
6
128
601
422
506
589
47
467
678
680
246
474
458
540
328
474
4
405
377
515
60
290
377
463
540
176
536
629
309
97
139
443
595
19
306
543
138
8
490
468
677
449
39
17
183
251
522
615
609
162
399
234
291
25
295
305
623
356
170
689
588
265
94
301
508
414
494
11
146
188
603
681
627
169
658
615
452
432
652
345
700
465
602
264
513
84
172
461
250
252
586
110
418
141
135
390
519
643
86
401
310
451
282
77
672
583
109
408
175
505
41
398
332
653
532
475
404
383
434
246
641
201
265
589
403
659
101
300
176
142
522
586
181
439
359
688
187
323
105
81
563
564
657
123
594
147
355
439
525
534
552
319
304
326
338
98
494
401
132
581
246
473
41
210
89
397
90
41
44
325
49
514
507
154
536
632
656
313
475
367
24
568
150
22
545
71
315
308
85
212
412
520
541
382
80
188
316
60
252
494
580
154
178
382
285
163
442
81
230
194
669
264
472
102
492
538
17
632
281
395
442
316
493
540
506
504
602
576
483
230
24
658
30
581
320
170
547
7
347
82
639
434
429
381
627
432
158
355
170
174
47
36
430
520
284
219
388
471
121
515
418
65
366
73
267
359
562
621
118
373
688
684
211
81
351
531
388
322
53
601
215
40
227
591
82
85
647
548
455
412
539
565
529
14
450
675
158
6
585
636
491
582
500
333
443
384
594
93
218
79
439
700
5
250
634
567
528
403
372
143
312
350
372
297
16
497
36
52
519
248
108
531
24
594
543
266
370
406
323
348
179
269
582
644
443
393
31
168
461
554
146
632
426
349
614
260
335
590
140
668
251
496
289
176
690
525
233
368
8
304
246
384
353
614
429
557
569
207
43
699
245
26
9
235
654
262
158
657
142
316
395
651
109
655
690
254
229
122
262
517
370
196
442
439
341
23
484
331
156
606
534
668
640
214
69
691
427
160
531
292
53
173
23
305
158
599
215
147
592
287
58
654
528
216
440
532
511
87
559
510
648
642
452
318
349
124
359
558
290
675
231
143
619
667
442
46
17
542
194
291
5
622
238
580
168
563
575
397
551
668
551
690
595
602
156
610
22
157
205
571
534
35
55
131
290
610
215
154
430
380
36
407
307
8
532
661
540
2
61
586
237
472
426
567
91
261
170
67
22
356
461
674
299
445
471
231
616
392
458
197
538
595
348
111
13
324
642
207
388
296
231
260
545
372
202
509
212
70
52
682
664
272
42
503
318
507
290
636
155
619
440
271
364
17
404
282
165
628
123
216
135
625
548
451
39
639
10
120
381
470
192
242
549
500
556
694
522
160
301
185
665
112
67
572
165
89
97
572
89
290
43
146
149
41
474
310
95
215
490
560
118
475
635
596
490
345
407
99
47
137
615
172
147
319
485
77
124
580
271
135
598
47
662
235
163
345
226
78
256
550
566
106
596
616
484
208
513
31
363
279
198
44
453
265
489
280
508
552
377
556
549
364
112
83
117
13
168
563
675
502
664
649
18
12
534
1
260
397
667
506
489
28
159
420
499
37
127
483
58
122
593
203
700
273
347
5
390
475
521
558
295
63
333
304
567
695
305
3
463
559
104
245
536
315
413
609
357
375
97
279
282
531
643
601
679
542
487
90
47
248
569
307
143
244
501
99
520
271
163
133
72
587
300
241
311
380
220
112
10
200
31
449
449
96
372
600
71
290
96
370
275
122
140
136
146
26
258
569
168
337
511
519
264
305
587
602
100
499
92
696
338
152
88
301
449
203
183
66
652
6
74
137
310
672
407
576
366
312
569
535
201
287
115
465
363
168
532
316
115
265
578
153
243
454
106
402
528
210
572
546
314
385
513
647
540
130
245
155
176
683
366
493
330
7
319
112
592
564
445
343
638
28
142
147
127
427
663
370
440
131
196
680
96
452
32
235
438
416
247
678
507
238
81
67
252
407
155
67
440
490
505
70
562
357
459
15
471
86
669
459
71
283
219
425
479
295
665
487
458
625
160
688
68
294
454
369
605
133
56
455
110
274
671
690
512
457
157
364
582
195
666
346
88
655
651
560
646
677
246
157
442
299
420
169
123
58
132
386
151
159
458
126
420
419
496
447
555
14
20
510
137
695
559
370
343
298
174
85
554
630
216
210
401
369
244
673
191
219
449
563
585
175
208
190
664
206
473
245
463
77
685
174
80
46
412
425
321
591
92
73
311
111
596
413
543
587
179
433
181
181
376
72
202
635
518
610
258
354
608
335
100
51
296
611
130
39
109
485
644
616
476
567
16
636
292
263
156
357
334
328
505
227
512
305
564
465
16
515
55
148
202
518
562
690
172
449
400
571
50
63
2
563
294
559
626
540
137
261
80
91
20
550
10
653
23
625
483
187
243
615
279
23
359
614
149
480
517
120
410
338
191
127
6
606
75
481
13
151
635
605
356
281
197
392
481
288
475
98
361
523
147
660
238
504
335
399
434
107
336
693
355
606
180
409
356
136
550
134
396
214
306
307
302
303
514
688
646
500
41
698
40
448
535
490
375
178
670
421
159
413
16
435
48
582
301
428
388
584
699
101
684
245
93
477
16
109
90
17
128
164
109
673
506
214
207
51
15
646
519
363
638
157
545
50
445
316
381
197
238
4
207
674
429
303
338
381
5
223
570
360
488
229
643
589
209
304
552
401
609
68
68
662
438
226
648
687
137
264
482
440
478
571
526
277
438
49
611
88
445
638
649
231
350
606
407
96
288
84
85
651
51
287
183
302
108
602
320
360
1
419
550
605
577
361
214
347
152
270
34
510
312
416
572
93
489
332
697
511
451
325
226
497
402
699
550
419
86
384
462
468
101
69
490
288
122
546
610
459
683
23
545
194
303
186
174
258
242
278
668
218
271
559
196
552
609
157
459
281
313
679
81
640
336
545
110
580
25
209
43
673
570
503
246
82
516
408
319
342
281
369
190
109
434
278
590
495
338
593
667
383
574
177
581
310
375
75
334
2
494
436
431
518
582
207
11
412
681
219
532
510
361
444
42
420
106
346
553
598
582
658
514
326
528
93
623
213
350
176
582
6
173
614
314
381
651
326
85
241
345
633
356
105
183
496
571
146
145
375
520
158
144
216
4
278
295
431
319
285
104
72
122
256
358
511
110
606
556
213
240
369
300
319
227
324
519
596
406
700
33
149
479
394
449
208
101
654
607
263
47
418
454
34
550
619
430
379
282
45
418
583
380
415
382
694
566
105
664
77
288
154
410
360
547
118
121
462
345
124
528
613
574
653
291
483
222
512
611
470
563
107
369
261
605
648
603
692
228
326
511
175
535
275
170
56
648
162
44
577
164
258
586
161
157
121
509
206
69
695
603
620
143
11
460
143
502
697
700
226
86
662
467
629
196
593
214
189
320
483
689
614
274
685
66
610
574
234
661
656
333
200
369
217
406
5
208
184
29
519
27
409
459
554
333
327
87
654
319
131
189
516
125
652
14
585
135
678
56
233
414
692
460
487
265
430
546
266
289
108
500
393
258
407
480
329
501
62
636
271
103
686
483
517
695
492
374
213
101
476
652
297
298
171
28
75
280
397
82
573
38
292
265
141
632
230
104
95
407
290
358
656
156
70
241
646
220
141
208
2
628
85
129
606
282
68
331
241
652
63
223
478
480
280
406
333
513
629
615
376
186
454
555
284
433
647
575
640
84
444
189
361
20
119
400
693
181
400
394
213
391
16
579
69
206
155
564
531
42
683
18
577
499
287
502
112
3
22
278
26
278
481
650
567
21
475
520
36
649
94
253
359
299
240
478
555
13
154
39
639
541
174
220
344
473
356
262
264
244
129
381
177
287
523
609
107
28
125
181
17
191
535
148
474
38
164
603
239
21
240
424
335
588
456
66
136
421
177
693
472
229
561
1
511
135
302
499
403
207
445
168
112
166
467
203
187
183
450
186
453
378
510
493
313
417
83
191
414
515
508
625
540
431
518
401
374
517
95
656
45
212
587
308
131
472
381
458
94
83
671
203
490
595
219
446
530
442
398
603
328
491
578
375
359
69
545
129
21
542
314
187
395
410
128
630
56
546
549
476
203
164
668
207
53
489
76
205
226
222
401
411
681
60
550
451
103
443
200
230
433
670
50
438
125
137
482
681
186
519
200
279
478
680
439
526
178
179
80
53
269
434
643
286
325
47
398
317
210
689
509
619
76
552
547
368
445
358
178
137
106
524
138
241
486
305
101
623
501
566
52
177
38
696
106
289
653
547
274
117
152
187
606
600
204
157
78
512
429
543
188
283
279
13
542
404
84
33
627
118
443
342
667
519
343
641
37
491
8
637
467
263
7
426
293
682
497
325
567
536
343
418
41
630
661
29
81
174
420
255
479
16
119
691
90
121
510
554
192
304
94
125
612
211
589
640
648
589
589
431
653
66
388
457
35
551
544
82
2
120
222
3
459
200
481
132
457
417
415
46
123
33
567
202
210
669
647
187
113
428
106
292
233
367
539
282
268
309
652
673
166
506
46
126
366
578
50
341
399
341
492
689
322
521
300
25
553
488
377
290
654
35
559
483
294
559
515
372
338
196
686
253
176
484
467
370
491
199
4
168
524
618
463
503
561
61
644
198
652
338
443
557
269
102
365
86
137
519
199
640
251
681
365
592
609
270
382
253
76
319
57
227
597
272
169
648
188
508
119
600
119
601
564
568
468
114
431
206
665
121
512
528
537
691
458
98
60
112
543
378
135
692
277
291
454
419
670
565
579
218
446
252
3
670
610
276
589
15
1
426
647
21
306
474
162
135
275
613
18
170
261
357
514
552
298
559
590
227
74
660
630
268
651
74
592
469
219
607
55
692
119
564
418
669
380
420
348
528
146
371
654
19
50
318
700
323
562
472
369
611
357
19
65
53
213
253
401
86
111
175
2
97
513
25
563
476
420
212
69
26
51
24
365
165
320
169
373
76
632
402
257
405
202
593
228
298
493
514
379
233
284
159
441
571
84
121
306
441
492
53
619
170
340
6
654
190
24
46
400
311
333
92
175
292
690
602
151
494
305
41
617
390
404
123
618
601
427
655
194
510
673
15
156
64
267
111
66
504
58
374
339
481
584
223
341
127
49
46
699
37
360
89
60
365
477
575
688
159
151
96
567
277
182
527
571
438
695
135
189
141
549
552
65
445
237
175
263
647
342
206
426
400
198
323
223
266
112
691
231
642
322
415
574
108
1
475
100
574
328
603
430
538
111
208
466
616
220
315
121
117
55
400
549
347
263
179
467
25
20
500
399
305
586
361
155
329
644
313
674
292
263
375
209
219
82
386
18
377
182
336
221
595
530
58
444
4
200
284
171
529
304
420
156
9
23
338
625
77
560
643
215
67
411
587
516
228
331
178
9
456
342
470
70
46
468
419
64
693
348
507
72
107
675
121
82
137
603
129
40
520
245
363
458
283
140
662
124
389
441
412
471
470
136
396
622
398
137
315
307
338
160
219
641
684
430
666
269
245
84
380
98
670
283
512
423
465
555
473
403
434
126
229
76
54
332
179
5
255
216
626
330
490
302
670
387
278
641
591
117
22
397
568
476
283
145
67
122
172
371
508
461
451
308
11
524
37
479
506
160
365
586
165
114
509
616
438
542
414
391
536
626
480
518
288
156
367
168
306
559
452
188
242
481
599
480
496
227
686
676
91
670
223
231
690
389
220
421
699
20
540
310
562
156
673
484
362
178
341
544
483
610
142
266
668
212
208
442
655
581
209
79
436
352
555
587
343
557
586
338
410
576
204
84
263
655
227
106
631
345
19
477
632
511
330
490
277
133
612
109
96
254
619
581
217
66
612
510
619
352
296
430
111
60
142
50
461
115
246
164
562
450
211
471
467
6
654
590
162
637
9
603
88
634
243
221
15
11
649
683
605
688
561
137
246
385
106
200
323
272
349
95
636
249
371
673
663
119
637
493
443
663
269
206
697
265
630
571
126
196
499
408
320
363
649
131
250
2
320
585
169
686
368
221
561
152
577
648
685
378
84
548
484
676
289
647
117
444
619
655
510
168
279
267
433
107
509
481
616
471
39
603
167
246
480
332
148
186
10
560
7
271
177
69
692
44
449
121
542
381
210
338
330
427
415
524
477
447
332
161
307
350
293
188
113
266
700
32
278
449
410
528
262
446
587
651
136
434
637
170
534
149
120
503
331
667
616
561
321
398
270
698
560
120
128
596
432
71
461
547
131
637
329
302
555
139
319
154
459
174
465
240
444
436
56
102
392
25
46
580
28
698
472
345
443
535
513
549
271
593
502
523
350
491
63
660
273
310
184
423
258
105
569
76
169
131
259
284
135
172
489
158
646
486
690
196
384
311
589
330
285
25
491
56
164
275
388
267
488
300
203
213
657
307
164
82
227
668
88
547
545
261
432
463
215
297
299
186
226
684
594
398
392
593
665
112
101
356
320
159
160
39
587
96
552
191
252
502
588
144
179
338
13
323
389
119
107
549
175
359
233
100
377
530
15
667
291
457
364
454
214
87
397
136
600
636
438
517
247
643
350
580
673
302
421
447
19
37
346
333
170
252
335
2
286
138
667
201
305
294
546
546
116
553
504
516
303
94
471
10
323
206
75
354
366
285
558
280
461
494
453
257
305
428
274
312
501
697
554
556
520
31
599
128
584
375
15
337
111
437
113
622
490
47
286
160
572
698
439
460
208
22
314
241
632
127
227
630
529
440
286
521
364
349
494
351
112
166
224
460
257
645
586
124
677
570
303
88
301
321
37
651
293
149
39
109
66
169
193
541
4
408
85
187
372
347
200
260
190
549
154
434
348
515
491
561
196
438
647
620
337
678
676
590
2
663
231
493
71
631
553
356
552
662
373
333
28
453
232
130
639
106
609
549
500
2
531
376
211
313
596
407
123
146
435
153
420
603
698
81
187
4
395
32
299
77
249
229
312
91
88
2
211
539
573
463
594
178
27
546
546
665
600
636
27
480
472
159
15
490
681
269
239
448
354
133
303
616
134
677
317
322
690
387
146
309
99
114
613
215
655
594
345
114
418
377
546
641
292
128
3
632
614
161
199
528
31
298
222
394
574
35
303
449
214
58
496
632
233
680
174
486
630
365
164
50
226
269
283
571
510
333
600
669
119
525
186
66
314
368
670
248
99
374
313
240
501
86
617
4
489
579
204
138
597
262
274
59
408
115
335
524
28
618
446
36
414
257
348
217
430
166
592
662
647
313
119
560
667
216
161
392
46
253
188
695
536
610
97
499
596
17
24
203
218
170
492
427
557
281
358
582
212
176
388
455
544
346
478
23
208
608
551
189
148
441
209
574
250
637
387
284
502
394
473
697
2
510
44
68
19
261
675
291
436
240
594
197
285
548
233
20
227
537
449
47
99
342
51
277
644
658
314
146
211
374
644
172
474
605
92
288
385
465
263
411
613
387
234
374
582
559
60
336
433
671
401
618
83
330
86
155
422
445
180
687
498
248
341
671
466
592
450
518
669
185
303
578
124
156
311
307
624
259
568
565
557
479
448
425
81
128
252
341
667
459
346
229
207
254
372
655
12
662
248
564
277
34
34
528
697
372
463
215
337
368
188
118
556
33
131
646
431
112
142
113
616
88
440
317
530
315
318
305
158
464
575
72
387
638
301
254
419
378
380
408
11
242
665
3
182
140
484
463
231
57
30
370
336
363
518
423
563
371
163
86
216
637
163
615
49
134
323
347
359
428
424
156
416
432
402
76
227
24
72
244
664
581
683
384
625
244
660
51
678
362
137
93
404
570
636
224
682
507
37
236
220
626
157
324
622
100
491
306
246
671
555
227
138
355
90
23
680
669
322
584
32
340
475
623
359
575
2
429
326
547
290
231
584
629
668
268
116
41
61
648
451
630
509
230
597
31
34
256
180
63
80
348
519
53
10
627
108
190
241
508
46
191
266
646
204
44
186
588
231
568
44
339
328
540
153
239
678
389
568
154
407
277
57
305
29
637
324
97
457
362
213
294
136
484
70
156
203
640
601
547
653
651
370
361
287
98
265
248
311
377
407
697
378
440
319
111
145
452
305
217
331
341
593
83
426
216
21
334
483
209
46
158
52
107
385
464
569
167
128
125
362
603
167
574
301
123
288
332
135
514
507
352
238
199
127
203
147
249
239
539
57
534
697
677
62
28
445
263
501
644
413
16
198
543
449
28
699
579
317
274
552
512
345
620
689
46
69
37
591
245
261
259
313
563
349
56
577
414
465
191
208
116
321
271
519
469
292
599
685
595
59
162
510
92
16
128
125
71
192
358
582
106
159
26
622
338
592
470
648
525
569
323
550
288
533
647
105
473
128
372
598
557
20
176
383
507
566
197
569
164
637
154
636
359
443
285
89
316
605
93
3
85
238
267
242
207
571
32
621
587
26
453
691
145
625
420
117
601
587
613
375
169
102
293
394
279
616
359
493
323
679
407
155
195
591
371
249
675
488
218
649
131
662
512
224
240
502
617
382
642
146
259
52
229
160
195
630
600
299
148
583
435
495
389
638
253
149
644
487
280
308
676
223
409
374
217
305
85
95
525
617
347
603
411
339
105
3
211
94
233
330
372
451
175
606
354
690
284
395
537
327
199
627
607
242
242
585
506
565
589
183
130
123
362
418
41
350
156
51
26
25
625
73
524
56
324
166
676
102
277
341
2
150
236
241
267
30
476
320
421
648
172
432
661
162
625
697
14
326
111
499
28
151
146
286
539
499
113
400
489
522
478
532
11
640
446
225
196
679
116
537
273
496
401
665
693
584
286
545
541
602
353
237
37
148
331
31
513
172
351
328
642
366
49
307
333
84
113
633
30
501
2
48
223
203
221
529
556
71
510
496
347
240
571
592
32
152
332
464
547
171
78
354
579
338
168
306
695
679
487
108
628
440
115
263
634
262
27
578
432
501
594
397
414
97
556
195
94
680
369
476
184
83
92
66
163
219
264
670
637
25
269
49
311
649
593
121
54
128
27
426
278
197
452
497
464
512
497
340
303
627
321
80
416
84
380
672
432
51
526
95
408
117
441
617
435
447
310
183
515
578
202
402
13
271
330
499
621
683
318
141
127
364
598
474
443
472
236
123
608
636
452
20
395
312
527
617
664
70
464
579
597
40
300
210
